0.0902
0.0902
0.0902
0.0902
0.1934
0.1934
0.1934
0.1934
0.1934
0.1934
0.1934
0.1934
0.1934
0.1934
0.1934
0.3996
0.3996
0.3996
0.3996
0.3996
0.3996
0.3996
0.3996
0.3996
0.3996
0.3996
0.3996
0.3996
0.3996
0.3996
0.3996
0.3996
0.3996
0.3996
0.3996
0.3996
0.3996
0.3996
0.3996
0.3996
0.3996
0.3996
0.6574
0.3996
0.6832
0.3996
0.7219
0.7219
0.7219
0.7734
0.7734
0.7734
0.7992
0.7992
0.7992
0.8121
0.8121
0.8121
0.8121
0.8121
0.8121
0.8121
0.8121
0.8121
0.8121
0.8121
0.8121
0.8121
0.8121
0.8121
0.8121
0.8121
0.8121
0.8121
0.8121
0.8121
0.8121
0.8121
0.8121
0.8121
0.8121
0.8121
0.8121
0.8121
0.8121
0.8121
1.0184
0.8121
1.0184
0.8121
1.0184
0.8121
1.0184
1.0184
1.0184
1.0828
1.1086
1.1344
1.1344
1.1344
1.1344
1.1473
1.1859
1.2375
1.2375
1.2375
1.2375
1.2375
1.2375
1.2375
1.2375
1.2504
1.2504
1.2762
1.2762
1.2762
1.2762
1.3148
1.3277
1.3277
1.4437
1.4437
1.4437
1.4437
1.4437
1.4437
1.4437
1.4437
1.4437
1.4437
1.4437
1.4437
1.4437
1.5469
1.5469
1.5469
1.5469
1.5469
1.5469
1.5469
1.5469
1.5469
1.5469
1.5469
1.5984
1.5984
1.5984
1.5984
1.5984
1.5984
1.5984
1.5984
1.6242
1.6242
1.6242
1.6242
1.6242
1.6242
1.6371
1.6371
1.6371
1.6371
1.65
1.6371
1.65
1.65
1.65
1.6629
1.6629
1.6629
1.6887
1.6887
1.6887
1.6887
1.6887
1.7402
1.7402
1.7402
1.7402
1.7402
1.7402
1.7402
1.7402
1.7402
1.7402
1.8434
1.8434
1.8434
1.8434
1.8434
1.8434
1.8434
1.8434
1.8434
1.8434
1.8434
1.8434
1.8434
1.8434
1.8434
1.8434
1.8434
1.8434
1.8434
1.9594
1.9723
2.0109
2.0109
2.0109
2.0109
2.0109
2.0367
2.0367
2.0367
2.0496
2.0496
2.0496
2.0496
2.0496
2.0496
2.0496
2.0496
2.0496
2.0496
2.0496
2.0496
2.0496
2.0496
2.0496
2.0496
2.1012
2.1012
2.0496
2.1012
2.1012
2.1398
2.1527
2.1527
2.1527
2.1527
2.1527
2.1527
2.1785
2.1785
2.1914
2.2043
2.2172
2.2172
2.2687
2.2172
2.2687
2.2687
2.2687
2.2687
2.475
2.2687
2.2687
2.475
2.475
2.2687
2.2687
2.475
2.475
2.2687
2.475
2.2687
2.475
2.2687
2.475
2.2687
2.475
2.2687
2.475
2.2687
2.475
2.2687
2.475
2.2687
2.475
2.2687
2.475
2.2687
2.475
2.2687
2.475
2.2687
2.475
2.2687
2.2687
2.475
2.2687
2.475
2.2687
2.2687
2.475
2.2687
2.475
2.2687
2.475
2.2687
2.475
2.475
2.2687
2.475
2.2687
2.475
2.475
2.475
2.475
2.475
2.475
2.475
2.475
2.475
2.475
2.475
2.475
2.475
2.475
2.475
2.475
2.475
2.475
2.475
2.475
2.475
2.475
2.475
2.475
2.475
2.475
2.475
2.475
2.475
2.475
2.475
2.475
2.475
2.475
2.475
2.475
2.475
2.475
2.475
2.475
2.475
2.475
2.475
2.475
2.475
2.475
2.475
2.475
2.475
2.475
2.475
2.475
2.475
2.475
2.475
2.475
2.475
2.475
2.475
2.475
2.475
2.475
2.475
2.475
2.475
2.475
2.475
2.475
2.475
2.475
2.475
2.475
2.475
2.475
2.475
2.475
2.475
2.475
2.475
2.475
2.475
2.475
2.475
2.475
2.475
2.475
2.475
2.475
2.475
2.475
2.475
2.475
2.475
2.475
2.475
2.475
2.475
2.475
2.475
2.475
2.475
2.475
2.475
2.475
2.475
2.475
2.475
2.475
2.475
2.475
2.475
2.475
2.475
2.475
2.475
2.475
2.475
2.475
2.475
2.475
2.475
2.475
2.475
2.475
2.475
2.475
2.475
2.475
2.475
2.475
2.475
2.475
2.475
2.475
2.475
2.475
2.475
2.475
2.475
2.475
2.475
2.475
2.475
2.475
2.475
2.475
2.475
0.0
